[17. It.jpg]
filters=Vignette=1,50.000000,1.000000,76.608185,00000000;Sixties=1,87.134506,00ffffff,0;
moddate=17abe1bb8620da01
width=564
height=639
textactive=0
[18. After.jpg]
filters=Vignette=1,50.000000,1.000000,67.836258,00000000;finetune2=1,0.140351,0.109474,0.050526,00000000,0.000000;
moddate=343a72ce8620da01
width=564
height=639
textactive=0
