[13. RDLM.jpg]
filters=finetune2=1,0.257310,0.000000,0.064561,00000000,0.000000;Vignette=1,50.000000,1.000000,0.000000,00000000;Sixties=1,84.210526,00ffffff,0;
moddate=3aa066807b1eda01
width=564
height=639
textactive=0
